21.2453
21.0867
20.9595
20.8585
20.9144
20.8285
20.7974
20.7111
20.7213
20.6598
20.6596
20.5355
20.5466
20.5289
20.5930
20.6878
20.7446
20.7684
20.7820
20.7912
20.7790
20.7348
20.7830
20.8297
20.8244
20.7154
20.6401
20.7427
20.7751
20.7834
20.8472
20.7503
20.8425
20.7503
20.7390
20.8065
20.7389
20.8597
20.8765
20.8131
20.7874
20.6669
20.7969
20.8449
20.8506
20.8471
20.8463
20.8291
20.8345
20.8689
20.8452
20.7583
20.7525
20.7907
20.7489
20.6166
20.5523
20.7695
20.7894
20.7911
20.7757
20.8388
20.7906
20.7465
20.8206
20.7876
20.7542
20.7872
20.7492
20.7596
20.6980
20.5663
20.7468
20.7740
20.7591
20.7737
20.7887
20.7208
20.7351
20.7694
20.7121
20.7175
20.7216
20.7392
20.7793
20.6212
20.6739
20.7466
20.7121
20.7726
20.7683
20.7184
20.7631
20.7677
20.7397
20.7121
20.7404
20.6725
20.7354
20.7615
