21.1711
21.1633
21.0634
20.9919
21.0404
20.9931
20.9673
20.9660
20.9786
20.9726
20.9852
20.9946
20.9841
20.9893
20.9613
20.8547
20.9527
20.8692
20.7917
20.9207
20.9239
20.9285
20.9315
20.9632
20.9356
20.9589
20.9604
20.9456
20.9451
20.7997
20.9105
20.8744
20.7730
20.8512
20.9244
20.9170
20.9207
20.9000
20.8873
20.9099
20.9142
20.8831
20.8851
20.9038
20.7943
20.9138
20.8730
20.7021
20.8540
20.8509
20.8424
20.8240
20.8384
20.8318
20.8941
20.8921
20.9374
20.9519
20.8853
20.9043
20.9185
20.8876
20.6949
20.9267
20.9550
20.9405
20.9240
20.9575
20.9555
20.9684
20.9449
20.9403
20.9340
20.7851
20.7502
20.7543
20.7968
20.6410
20.7905
20.7081
20.7623
20.7173
20.6951
20.6835
20.6424
20.5125
20.7574
20.6684
20.6599
20.8498
20.9220
20.9203
20.7022
20.9239
20.9302
20.9590
20.9132
20.9453
20.9565
20.9481
