20.9121
20.7730
20.8169
20.6755
20.6287
20.6671
20.6913
20.7346
20.5656
20.5053
20.7190
20.5463
20.6672
20.6677
20.6825
20.6258
20.6950
20.6412
20.7824
20.8012
20.7337
20.8390
20.8559
20.7587
20.8499
20.7891
20.7582
20.7597
20.6414
20.8009
20.8109
20.8266
20.8285
20.8093
20.8351
20.8075
20.8305
20.8034
20.7230
20.8266
20.8161
20.7968
20.7939
20.6205
20.8209
20.8011
20.8145
20.7923
20.7831
20.7381
20.7679
20.8260
20.7206
20.7959
20.7914
20.8065
20.8449
20.8021
20.5890
20.7655
20.7857
20.7493
20.7790
20.7457
20.7673
20.7624
20.7466
20.6350
20.7986
20.7656
20.7744
20.7468
20.7438
20.5690
20.7684
20.7687
20.7656
20.7661
20.7735
20.7620
20.7456
20.7438
20.6499
20.6938
20.6886
20.6672
20.7324
20.7076
20.5771
20.7459
20.7489
20.7523
20.7631
20.7457
20.7452
20.6885
20.6714
20.7060
20.6682
20.7685
