21.2300
21.0029
21.0616
21.0914
21.0246
20.9904
20.9776
20.9467
20.9158
20.9312
20.9218
20.8883
20.9016
20.8634
20.8462
20.8285
20.8523
20.8616
20.8526
20.8257
20.9066
20.8661
20.8818
20.7458
20.7406
20.9249
20.8896
20.9044
20.8827
20.7183
20.6943
20.6775
20.7255
20.7870
20.8142
20.8451
20.8139
20.8087
20.7628
20.7566
20.8207
20.8250
20.8721
20.7930
20.8799
20.6999
20.7453
20.7909
20.7440
20.8901
20.9638
20.8038
20.8452
20.8521
20.8847
20.8187
20.8072
20.7292
20.7584
20.8595
20.7126
20.9716
20.9538
20.8080
20.9259
20.9491
21.0022
20.9751
21.0136
20.8605
20.9678
20.9286
20.8962
20.9081
20.8345
20.5867
20.7283
20.5906
20.5890
20.7200
20.8125
20.8819
20.9029
20.8514
20.8695
20.9324
20.8302
20.9210
20.8378
20.9464
20.7100
20.9744
20.8124
20.9449
20.9420
20.8795
20.8944
20.9788
20.9268
20.9362
